24975
24828
24975
25073
24975
24926
25122
24926
24926
24877
25024
24975
24877
25024
25024
24926
24877
24926
24975
24926
24877
24877
25073
24975
24975
24975
25024
25024
25024
24926
24975
24926
24975
24926
24975
25024
24975
24926
24975
25024
24975
24926
25073
24975
24975
24877
25024
25073
24877
24926
24926
25024
25024
24828
24975
24926
24975
24828
25024
25024
24877
24975
24926
25024
24926
24877
25024
24926
25024
24877
25073
24975
24926
24975
25073
24975
24926
25024
24975
25024
24975
24780
24975
24975
24975
24975
24975
24926
24926
24877
25024
24975
24975
24877
24975
25024
25024
24975
25024
24975
24877
25024
25024
24975
24975
24975
25073
24975
24975
24877
24975
25024
24926
24828
25073
25024
24926
24828
25073
25024
25024
24877
24975
24975
25024
24975
24975
24877
24877
24828
24926
25073
24926
24780
24975
25073
24926
25024
24975
25024
24975
24828
24975
24926
24975
24926
25073
25024
24975
24926
25073
24975
25024
24877
24926
25024
25024
24926
25024
25024
25024
24877
25024
24975
25024
24926
24975
25073
24975
24926
24975
24975
24975
24975
24975
25024
24975
24926
25024
24975
24975
24926
25024
24975
25024
24877
25024
25024
25073
24926
25171
25024
24975
24975
25024
24926
24926
24975
25073
24975
24975
24926
25024
25073
25024
24926
24975
24975
24975
24975
25073
24975
24926
24828
25024
24926
24975
24975
25024
25024
24926
24926
25024
24975
24926
24926
24975
24926
24975
24877
25073
25024
24975
24780
25024
24975
24975
24926
25122
25024
24877
24926
25073
24926
24975
24926
25024
24975
25024
24975
24975
24975
24975
